3 0 17536
3 1 6335
0 0 0
4 4 852034
1 330 1
3 24 23
0 0 0
3 0 17521
3 24 79
0 0 0
3 0 17509
3 1 6330
3 24 131
0 0 0
3 0 17495
3 1 6325
3 24 175
0 0 0
3 0 17481
3 1 6318
3 24 215
0 0 0
3 0 17466
3 1 6314
3 24 251
0 0 0
3 0 17451
3 1 6310
3 24 283
0 0 0
3 0 17434
3 1 6306
3 24 311
0 0 0
3 0 17416
3 1 6304
3 24 339
0 0 0
3 0 17398
3 1 6301
3 24 363
0 0 0
3 0 17379
3 1 6298
3 24 383
0 0 0
3 0 17359
3 1 6296
3 24 403
0 0 0
3 0 17339
3 1 6293
3 24 419
0 0 0
3 0 17319
3 1 6290
3 24 435
0 0 0
3 0 17298
3 1 6289
3 24 451
0 0 0
3 0 17277
3 1 6286
3 24 467
0 0 0
3 0 17255
3 1 6284
3 24 475
0 0 0
3 0 17233
3 1 6283
3 24 487
0 0 0
3 0 17210
3 1 6281
3 24 499
0 0 0
3 0 17187
3 1 6279
3 24 507
0 0 0
3 0 17164
3 1 6277
3 24 519
0 0 0
3 0 17140
3 1 6276
3 24 527
0 0 0
3 0 17116
3 1 6274
3 24 539
0 0 0
3 0 17092
3 1 6272
3 24 547
0 0 0
3 0 17068
3 1 6271
3 24 555
0 0 0
3 0 17043
3 1 6269
3 24 559
0 0 0
3 0 17018
3 1 6268
3 24 567
0 0 0
3 0 16973
3 1 6264
3 24 575
0 0 0
3 0 16926
3 1 6261
3 24 579
0 0 0
3 0 16878
3 1 6257
3 24 587
0 0 0
3 0 16828
3 1 6255
3 24 595
0 0 0
3 0 16778
3 1 6253
3 24 599
0 0 0
3 0 16726
3 1 6252
0 0 0
3 0 16673
3 1 6251
3 24 607
0 0 0
3 0 16619
3 1 6250
3 24 615
0 0 0
3 0 16565
3 1 6249
3 24 627
0 0 0
3 0 16510
3 1 6248
3 24 635
0 0 0
3 0 16455
3 1 6247
3 24 643
0 0 0
3 0 16399
3 24 651
0 0 0
3 0 16342
3 1 6248
3 24 655
0 0 0
3 0 16285
3 1 6249
3 24 659
0 0 0
3 0 16228
3 1 6250
3 24 667
0 0 0
3 0 16169
3 1 6251
3 24 679
0 0 0
3 0 16110
3 1 6253
3 24 687
0 0 0
3 0 16051
3 1 6255
3 24 695
0 0 0
3 0 15991
3 1 6257
3 24 699
0 0 0
3 0 15931
3 1 6261
3 24 703
0 0 0
3 0 15869
3 1 6265
3 24 711
0 0 0
3 0 15807
3 1 6270
3 24 719
0 0 0
3 0 15744
3 1 6274
3 24 727
0 0 0
3 0 15681
3 1 6280
3 24 735
0 0 0
3 0 15617
3 1 6286
3 24 743
0 0 0
3 0 15553
3 1 6292
3 24 747
0 0 0
3 0 15488
3 1 6299
3 24 755
0 0 0
3 0 15423
3 1 6306
3 24 763
0 0 0
3 0 15357
3 1 6314
3 24 771
0 0 0
3 0 15291
3 1 6323
3 24 779
0 0 0
3 0 15224
3 1 6333
3 24 783
0 0 0
3 0 15158
3 1 6343
3 24 791
0 0 0
3 0 15090
3 1 6353
3 24 795
0 0 0
3 0 15022
3 1 6364
3 24 799
0 0 0
3 0 14953
3 1 6376
0 0 0
3 0 14883
3 1 6389
3 24 807
0 0 0
3 0 14812
3 1 6403
3 24 815
0 0 0
3 0 14740
3 1 6418
0 0 0
3 0 14668
3 1 6434
3 24 827
0 0 0
3 0 14596
3 1 6449
3 24 835
0 0 0
3 0 14522
3 1 6466
0 0 0
3 0 14449
3 1 6482
3 24 843
0 0 0
3 0 14374
3 1 6500
0 0 0
3 0 14299
3 1 6519
0 0 0
3 0 14224
3 1 6539
3 24 847
0 0 0
3 0 14148
3 1 6559
0 0 0
3 0 14072
3 1 6580
3 24 855
0 0 0
3 0 13995
3 1 6601
0 0 0
3 0 13918
3 1 6622
0 0 0
3 0 13840
3 1 6645
3 24 863
0 0 0
3 0 13762
3 1 6668
3 24 867
0 0 0
3 0 13684
3 1 6692
3 24 863
0 0 0
3 0 13605
3 1 6716
3 24 867
0 0 0
3 0 13526
3 1 6741
0 0 0
3 0 13447
3 1 6768
3 24 871
0 0 0
3 0 13368
3 1 6794
3 24 875
0 0 0
3 0 13288
3 1 6821
3 24 883
0 0 0
3 0 13208
3 1 6848
3 24 887
0 0 0
3 0 13128
3 1 6876
3 24 891
0 0 0
3 0 13048
3 1 6904
0 0 0
3 0 12968
3 1 6933
3 24 895
0 0 0
3 0 12888
3 1 6963
0 0 0
3 0 12808
3 1 6994
3 24 899
0 0 0
3 0 12728
3 1 7025
3 24 907
0 0 0
3 0 12648
3 1 7057
0 0 0
3 0 12569
3 1 7090
3 24 911
0 0 0
3 0 12489
3 1 7124
0 0 0
3 0 12410
3 1 7159
0 0 0
3 0 12331
3 1 7195
3 24 915
0 0 0
3 0 12252
3 1 7232
0 0 0
3 0 12173
3 1 7269
3 24 923
0 0 0
3 0 12094
3 1 7308
3 24 927
0 0 0
3 0 12016
3 1 7347
0 0 0
3 0 11937
3 1 7387
3 24 935
0 0 0
3 0 11859
3 1 7428
0 0 0
3 0 11781
3 1 7469
3 24 939
0 0 0
3 0 11703
3 1 7511
0 0 0
3 0 11627
3 1 7554
3 24 943
0 0 0
3 0 11550
3 1 7598
0 0 0
3 0 11475
3 1 7642
3 24 939
0 0 0
3 0 11400
3 1 7686
0 0 0
3 0 11325
3 1 7732
0 0 0
3 0 11252
3 1 7778
0 0 0
3 0 11179
3 1 7825
3 24 943
0 0 0
3 0 11107
3 1 7872
3 24 947
0 0 0
3 0 11035
3 1 7921
0 0 0
3 0 10965
3 1 7970
0 0 0
3 0 10895
3 1 8020
3 24 951
0 0 0
3 0 10826
3 1 8071
3 24 955
0 0 0
3 0 10758
3 1 8122
3 24 951
0 0 0
3 0 10692
3 1 8174
3 24 955
0 0 0
3 0 10625
3 1 8227
3 24 951
0 0 0
3 0 10559
3 1 8280
3 24 955
0 0 0
3 0 10493
3 1 8333
3 24 959
0 0 0
3 0 10428
3 1 8387
3 24 963
0 0 0
3 0 10364
3 1 8441
0 0 0
3 0 10300
3 1 8496
0 0 0
3 0 10236
3 1 8551
0 0 0
3 0 10174
3 1 8607
0 0 0
3 0 10112
3 1 8664
0 0 0
3 0 10051
3 1 8721
0 0 0
3 0 9991
3 1 8779
0 0 0
3 0 9932
3 1 8839
0 0 0
3 0 9874
3 1 8899
0 0 0
3 0 9818
3 1 8960
0 0 0
3 0 9761
3 1 9022
0 0 0
3 0 9705
3 1 9085
0 0 0
3 0 9650
3 1 9149
0 0 0
3 0 9596
3 1 9213
0 0 0
3 0 9542
3 1 9278
0 0 0
3 0 9488
3 1 9344
0 0 0
3 0 9435
3 1 9410
0 0 0
3 0 9383
3 1 9477
0 0 0
3 0 9331
3 1 9545
3 24 959
0 0 0
3 0 9280
3 1 9613
0 0 0
3 0 9229
3 1 9682
0 0 0
3 0 9179
3 1 9751
0 0 0
3 0 9130
3 1 9821
3 24 963
0 0 0
3 0 9083
3 1 9892
3 24 959
0 0 0
3 0 9036
3 1 9963
3 24 963
0 0 0
3 0 8991
3 1 10035
3 24 967
0 0 0
3 0 8947
3 1 10108
0 0 0
3 0 8904
3 1 10182
3 24 963
0 0 0
3 0 8862
3 1 10256
0 0 0
3 0 8822
3 1 10330
0 0 0
3 0 8783
3 1 10405
0 0 0
3 0 8745
3 1 10481
0 0 0
3 0 8708
3 1 10556
0 0 0
3 0 8673
3 1 10632
0 0 0
3 0 8639
3 1 10708
3 24 959
0 0 0
3 0 8606
3 1 10783
3 24 955
0 0 0
3 0 8575
3 1 10861
0 0 0
3 0 8544
3 1 10938
0 0 0
3 0 8515
3 1 11015
0 0 0
3 0 8487
3 1 11093
0 0 0
3 0 8461
3 1 11172
3 24 959
0 0 0
3 0 8436
3 1 11251
3 24 963
0 0 0
3 0 8412
3 1 11331
3 24 967
0 0 0
3 0 8390
3 1 11410
3 24 971
0 0 0
3 0 8369
3 1 11490
3 24 975
0 0 0
3 0 8350
3 1 11570
0 0 0
3 0 8332
3 1 11650
0 0 0
3 0 8314
3 1 11731
3 24 979
0 0 0
3 0 8299
3 1 11812
3 24 975
0 0 0
3 0 8285
3 1 11893
0 0 0
3 0 8273
3 1 11974
0 0 0
3 0 8262
3 1 12054
0 0 0
3 0 8252
3 1 12136
0 0 0
3 0 8243
3 1 12217
0 0 0
3 0 8236
3 1 12297
3 24 971
0 0 0
3 0 8230
3 1 12377
0 0 0
3 0 8225
3 1 12457
0 0 0
3 0 8221
3 1 12536
0 0 0
3 0 8219
3 1 12616
0 0 0
3 0 8218
3 1 12695
3 24 967
0 0 0
3 1 12774
0 0 0
3 0 8220
3 1 12853
0 0 0
3 0 8223
3 1 12933
0 0 0
3 0 8227
3 1 13011
0 0 0
3 0 8233
3 1 13089
3 24 963
0 0 0
3 0 8239
3 1 13166
3 24 959
0 0 0
3 0 8248
3 1 13243
0 0 0
3 0 8258
3 1 13320
0 0 0
3 0 8268
3 1 13396
3 24 955
0 0 0
3 0 8281
3 1 13471
0 0 0
3 0 8295
3 1 13546
3 24 959
0 0 0
3 0 8310
3 1 13620
0 0 0
3 0 8327
3 1 13694
0 0 0
3 0 8345
3 1 13768
3 24 963
0 0 0
3 0 8363
3 1 13840
3 24 959
0 0 0
3 0 8384
3 1 13913
3 24 955
0 0 0
3 0 8406
3 1 13985
0 0 0
3 0 8429
3 1 14055
0 0 0
3 0 8453
3 1 14126
0 0 0
3 0 8479
3 1 14196
0 0 0
3 0 8505
3 1 14266
3 24 951
0 0 0
3 0 8532
3 1 14335
0 0 0
3 0 8561
3 1 14404
3 24 955
0 0 0
3 0 8590
3 1 14473
3 24 951
0 0 0
3 0 8622
3 1 14541
0 0 0
3 0 8653
3 1 14608
3 24 947
0 0 0
3 0 8685
3 1 14675
3 24 951
0 0 0
3 0 8719
3 1 14742
0 0 0
3 0 8754
3 1 14808
0 0 0
3 0 8789
3 1 14874
0 0 0
3 0 8825
3 1 14939
0 0 0
3 0 8862
3 1 15004
3 24 955
0 0 0
3 0 8900
3 1 15068
0 0 0
3 0 8939
3 1 15132
0 0 0
3 0 8978
3 1 15195
0 0 0
3 0 9019
3 1 15258
0 0 0
3 0 9060
3 1 15321
0 0 0
3 0 9103
3 1 15384
0 0 0
3 0 9146
3 1 15446
0 0 0
3 0 9190
3 1 15508
0 0 0
3 0 9235
3 1 15569
0 0 0
3 0 9280
3 1 15631
3 24 959
0 0 0
3 0 9327
3 1 15692
3 24 963
0 0 0
3 0 9375
3 1 15753
3 24 967
0 0 0
3 0 9423
3 1 15813
0 0 0
3 0 9472
3 1 15872
0 0 0
3 0 9523
3 1 15931
3 24 963
0 0 0
3 0 9574
3 1 15989
0 0 0
3 0 9626
3 1 16047
0 0 0
3 0 9679
3 1 16104
0 0 0
3 0 9733
3 1 16160
3 24 967
0 0 0
3 0 9789
3 1 16216
0 0 0
3 0 9845
3 1 16272
3 24 963
0 0 0
3 0 9903
3 1 16327
0 0 0
3 0 9962
3 1 16381
3 24 967
0 0 0
3 0 10022
3 1 16434
0 0 0
3 0 10083
3 1 16487
0 0 0
3 0 10146
3 1 16539
3 24 971
0 0 0
3 0 10209
3 1 16590
3 24 967
0 0 0
3 0 10274
3 1 16641
0 0 0
3 0 10340
3 1 16692
0 0 0
3 0 10407
3 1 16742
0 0 0
3 0 10475
3 1 16791
0 0 0
3 0 10544
3 1 16839
0 0 0
3 0 10614
3 1 16887
0 0 0
3 0 10685
3 1 16933
3 24 971
0 0 0
3 0 10757
3 1 16978
0 0 0
3 0 10831
3 1 17023
0 0 0
3 0 10905
3 1 17067
0 0 0
3 0 10981
3 1 17110
0 0 0
3 0 11057
3 1 17152
0 0 0
3 0 11135
3 1 17194
3 24 967
0 0 0
3 0 11214
3 1 17235
0 0 0
3 0 11293
3 1 17275
3 24 963
0 0 0
3 0 11374
3 1 17314
3 24 967
0 0 0
3 0 11455
3 1 17353
3 24 963
0 0 0
3 0 11538
3 1 17391
0 0 0
3 0 11621
3 1 17429
3 24 967
0 0 0
3 0 11706
3 1 17465
3 24 971
0 0 0
3 0 11791
3 1 17501
0 0 0
3 0 11877
3 1 17536
0 0 0
3 0 11963
3 1 17570
0 0 0
3 0 12051
3 1 17603
0 0 0
3 0 12139
3 1 17636
0 0 0
3 0 12229
3 1 17668
0 0 0
3 0 12319
3 1 17699
0 0 0
3 0 12409
3 1 17729
0 0 0
3 0 12501
3 1 17758
3 24 975
0 0 0
3 0 12593
3 1 17785
0 0 0
3 0 12686
3 1 17813
3 24 979
0 0 0
3 0 12781
3 1 17840
3 24 983
0 0 0
3 0 12875
3 1 17866
0 0 0
3 0 12971
3 1 17890
0 0 0
3 0 13068
3 1 17915
0 0 0
3 0 13165
3 1 17939
0 0 0
3 0 13262
3 1 17962
0 0 0
3 0 13361
3 1 17984
0 0 0
3 0 13460
3 1 18005
3 24 979
0 0 0
3 0 13560
3 1 18025
0 0 0
3 0 13660
3 1 18043
3 24 975
0 0 0
3 0 13761
3 1 18061
3 24 971
0 0 0
3 0 13863
3 1 18077
0 0 0
3 0 13965
3 1 18094
0 0 0
3 0 14068
3 1 18109
0 0 0
3 0 14171
3 1 18124
0 0 0
3 0 14275
3 1 18138
0 0 0
3 0 14379
3 1 18152
0 0 0
3 0 14483
3 1 18165
3 24 967
0 0 0
3 0 14588
3 1 18176
0 0 0
3 0 14693
3 1 18186
0 0 0
3 0 14798
3 1 18195
0 0 0
3 0 14903
3 1 18203
0 0 0
3 0 15008
3 1 18211
0 0 0
3 0 15113
3 1 18217
0 0 0
3 0 15217
3 1 18223
0 0 0
3 0 15322
3 1 18227
3 24 971
0 0 0
3 0 15426
3 1 18232
0 0 0
3 0 15530
3 1 18235
0 0 0
3 0 15632
3 1 18238
3 24 975
0 0 0
3 0 15735
3 1 18240
3 24 979
0 0 0
3 0 15837
3 1 18242
3 24 983
0 0 0
3 0 15939
3 1 18243
3 24 987
0 0 0
3 0 16041
3 1 18242
3 24 991
0 0 0
3 0 16141
3 1 18241
3 24 999
0 0 0
3 0 16242
3 1 18240
3 24 1007
0 0 0
3 0 16342
3 1 18238
3 24 1011
0 0 0
3 0 16441
3 1 18235
3 24 1015
0 0 0
3 0 16539
3 1 18232
3 24 1019
0 0 0
3 0 16637
3 1 18228
3 24 1023
0 0 0
3 0 16734
3 1 18224
3 24 1027
0 0 0
3 0 16831
3 1 18219
3 24 1031
0 0 0
3 0 16928
3 1 18212
3 24 1035
0 0 0
3 0 17024
3 1 18204
3 24 1039
0 0 0
3 0 17120
3 1 18196
3 24 1043
0 0 0
3 0 17215
3 1 18186
3 24 1047
0 0 0
3 0 17311
3 1 18176
3 24 1051
0 0 0
3 0 17407
3 1 18165
3 24 1055
0 0 0
3 0 17502
3 1 18154
3 24 1059
0 0 0
3 0 17597
3 1 18142
0 0 0
3 0 17692
3 1 18130
0 0 0
3 0 17787
3 1 18116
0 0 0
3 0 17882
3 1 18101
3 24 1063
0 0 0
3 0 17978
3 1 18085
0 0 0
3 0 18073
3 1 18068
3 24 1067
0 0 0
3 0 18169
3 1 18050
0 0 0
3 0 18266
3 1 18030
0 0 0
3 0 18363
3 1 18009
3 24 1063
0 0 0
3 0 18460
3 1 17986
0 0 0
3 0 18557
3 1 17963
3 24 1059
0 0 0
3 0 18654
3 1 17938
3 24 1055
0 0 0
3 0 18751
3 1 17913
3 24 1051
0 0 0
3 0 18849
3 1 17886
3 24 1047
0 0 0
3 0 18946
3 1 17857
0 0 0
3 0 19043
3 1 17827
3 24 1043
0 0 0
3 0 19140
3 1 17795
3 24 1039
0 0 0
3 0 19237
3 1 17763
3 24 1035
0 0 0
3 0 19334
3 1 17730
0 0 0
3 0 19430
3 1 17695
3 24 1031
0 0 0
3 0 19527
3 1 17660
0 0 0
3 0 19622
3 1 17624
3 24 1027
0 0 0
3 0 19717
3 1 17586
0 0 0
3 0 19811
3 1 17549
0 0 0
3 0 19904
3 1 17510
0 0 0
3 0 19996
3 1 17472
0 0 0
3 0 20086
3 1 17432
0 0 0
3 0 20176
3 1 17392
0 0 0
3 0 20264
3 1 17351
0 0 0
3 0 20351
3 1 17310
0 0 0
3 0 20436
3 1 17269
0 0 0
3 0 20520
3 1 17228
0 0 0
3 0 20602
3 1 17186
0 0 0
3 0 20683
3 1 17144
0 0 0
3 0 20761
3 1 17101
0 0 0
3 0 20838
3 1 17059
0 0 0
3 0 20913
3 1 17015
0 0 0
3 0 20986
3 1 16972
0 0 0
3 0 21058
3 1 16929
0 0 0
3 0 21127
3 1 16885
0 0 0
3 0 21194
3 1 16840
0 0 0
3 0 21259
3 1 16795
0 0 0
3 0 21323
3 1 16750
0 0 0
3 0 21384
3 1 16704
0 0 0
3 0 21444
3 1 16659
0 0 0
3 0 21502
3 1 16612
0 0 0
3 0 21558
3 1 16566
0 0 0
3 0 21612
3 1 16519
0 0 0
3 0 21664
3 1 16472
0 0 0
3 0 21715
3 1 16424
0 0 0
3 0 21764
3 1 16376
0 0 0
3 0 21811
3 1 16328
0 0 0
3 0 21857
3 1 16280
0 0 0
3 0 21901
3 1 16230
0 0 0
3 0 21945
3 1 16180
0 0 0
3 0 21987
3 1 16129
0 0 0
3 0 22027
3 1 16078
0 0 0
3 0 22067
3 1 16027
0 0 0
3 0 22105
3 1 15974
0 0 0
3 0 22142
3 1 15921
0 0 0
3 0 22178
3 1 15866
3 24 1031
0 0 0
3 0 22212
3 1 15811
3 24 1039
0 0 0
3 0 22245
3 1 15755
0 0 0
3 0 22277
3 1 15699
0 0 0
3 0 22309
3 1 15642
0 0 0
3 0 22339
3 1 15585
0 0 0
3 0 22367
3 1 15528
0 0 0
3 0 22395
3 1 15470
3 24 1043
0 0 0
3 0 22422
3 1 15413
3 24 1047
0 0 0
3 0 22447
3 1 15355
0 0 0
3 0 22472
3 1 15297
3 24 1051
0 0 0
3 0 22495
3 1 15240
0 0 0
3 0 22517
3 1 15182
0 0 0
3 0 22538
3 1 15124
0 0 0
3 0 22557
3 1 15066
3 24 1055
0 0 0
3 0 22576
3 1 15007
3 24 1059
0 0 0
3 0 22593
3 1 14949
3 24 1063
0 0 0
3 0 22609
3 1 14889
3 24 1067
0 0 0
3 0 22623
3 1 14829
0 0 0
3 0 22637
3 1 14769
3 24 1071
0 0 0
3 0 22649
3 1 14708
3 24 1075
0 0 0
3 0 22660
3 1 14647
3 24 1079
0 0 0
3 0 22669
3 1 14586
3 24 1083
0 0 0
3 0 22676
3 1 14525
3 24 1091
0 0 0
3 0 22682
3 1 14464
3 24 1095
0 0 0
3 0 22687
3 1 14403
3 24 1099
0 0 0
3 0 22690
3 1 14341
3 24 1107
0 0 0
3 0 22693
3 1 14281
3 24 1115
0 0 0
3 0 22694
3 1 14220
3 24 1119
0 0 0
3 1 14160
3 24 1127
0 0 0
3 0 22692
3 1 14099
3 24 1131
0 0 0
3 0 22689
3 1 14039
3 24 1139
0 0 0
3 0 22685
3 1 13978
3 24 1143
0 0 0
3 0 22680
3 1 13917
3 24 1151
0 0 0
3 0 22674
3 1 13855
0 0 0
3 0 22667
3 1 13792
0 0 0
3 0 22659
3 1 13728
3 24 1155
0 0 0
3 0 22650
3 1 13664
3 24 1159
0 0 0
3 0 22640
3 1 13600
3 24 1163
0 0 0
3 0 22629
3 1 13535
3 24 1167
0 0 0
3 0 22617
3 1 13470
3 24 1171
0 0 0
3 0 22604
3 1 13405
3 24 1175
0 0 0
3 0 22590
3 1 13340
3 24 1179
0 0 0
3 0 22574
3 1 13275
3 24 1187
0 0 0
3 0 22559
3 1 13209
3 24 1191
0 0 0
3 0 22542
3 1 13143
3 24 1195
0 0 0
3 0 22524
3 1 13078
3 24 1199
0 0 0
3 0 22504
3 1 13012
3 24 1203
0 0 0
3 0 22485
3 1 12947
3 24 1207
0 0 0
3 0 22464
3 1 12881
3 24 1211
0 0 0
3 0 22442
3 1 12814
3 24 1215
0 0 0
3 0 22421
3 1 12747
3 24 1223
0 0 0
3 0 22397
3 1 12679
3 24 1231
0 0 0
3 0 22373
3 1 12610
3 24 1239
0 0 0
3 0 22347
3 1 12542
0 0 0
3 0 22321
3 1 12473
3 24 1243
0 0 0
3 0 22294
3 1 12405
3 24 1247
0 0 0
3 0 22265
3 1 12337
3 24 1251
0 0 0
3 0 22236
3 1 12269
0 0 0
3 0 22205
3 1 12201
3 24 1255
0 0 0
3 0 22174
3 1 12133
3 24 1259
0 0 0
3 0 22141
3 1 12066
0 0 0
3 0 22107
3 1 12000
0 0 0
3 0 22071
3 1 11934
3 24 1263
0 0 0
3 0 22034
3 1 11870
3 24 1267
0 0 0
3 0 21996
3 1 11806
3 24 1271
0 0 0
3 0 21956
3 1 11742
3 24 1275
0 0 0
3 0 21915
3 1 11679
3 24 1287
0 0 0
3 0 21873
3 1 11614
3 24 1295
0 0 0
3 0 21830
3 1 11551
3 24 1307
0 0 0
3 0 21786
3 1 11487
3 24 1311
0 0 0
3 0 21741
3 1 11424
3 24 1319
0 0 0
3 0 21695
3 1 11361
3 24 1327
0 0 0
3 0 21648
3 1 11298
3 24 1335
0 0 0
3 0 21600
3 1 11237
3 24 1343
0 0 0
3 0 21551
3 1 11176
3 24 1351
0 0 0
3 0 21500
3 1 11115
3 24 1359
0 0 0
3 0 21449
3 1 11055
3 24 1363
0 0 0
3 0 21396
3 1 10996
0 0 0
3 0 21342
3 1 10938
0 0 0
3 0 21287
3 1 10882
0 0 0
3 0 21230
3 1 10825
0 0 0
3 0 21173
3 1 10769
3 24 1371
0 0 0
3 0 21114
3 1 10714
3 24 1379
0 0 0
3 0 21055
3 1 10658
3 24 1387
0 0 0
3 0 20995
3 1 10604
3 24 1395
0 0 0
3 0 20934
3 1 10549
3 24 1399
0 0 0
3 0 20873
3 1 10495
3 24 1407
0 0 0
3 0 20810
3 1 10441
3 24 1411
0 0 0
3 0 20746
3 1 10388
3 24 1419
0 0 0
3 0 20683
3 1 10334
3 24 1431
0 0 0
3 0 20618
3 1 10281
3 24 1443
0 0 0
3 0 20553
3 1 10228
3 24 1455
0 0 0
3 0 20487
3 1 10175
3 24 1463
0 0 0
3 0 20420
3 1 10123
3 24 1475
0 0 0
3 0 20352
3 1 10072
3 24 1483
0 0 0
3 0 20283
3 1 10022
3 24 1487
0 0 0
3 0 20214
3 1 9972
3 24 1499
0 0 0
3 0 20144
3 1 9924
3 24 1507
0 0 0
3 0 20073
3 1 9876
3 24 1511
0 0 0
3 0 20002
3 1 9828
3 24 1515
0 0 0
3 0 19930
3 1 9782
3 24 1519
0 0 0
3 0 19858
3 1 9736
3 24 1531
0 0 0
3 0 19786
3 1 9690
3 24 1539
0 0 0
3 0 19713
3 1 9646
3 24 1547
0 0 0
3 0 19640
3 1 9601
3 24 1551
0 0 0
3 0 19566
3 1 9558
3 24 1555
0 0 0
3 0 19492
3 1 9515
0 0 0
3 0 19418
3 1 9473
3 24 1563
0 0 0
3 0 19344
3 1 9432
0 0 0
3 0 19268
3 1 9391
3 24 1567
0 0 0
3 0 19192
3 1 9351
3 24 1571
0 0 0
3 0 19116
3 1 9313
3 24 1575
0 0 0
3 0 19039
3 1 9275
0 0 0
3 0 18962
3 1 9237
0 0 0
3 0 18884
3 1 9201
3 24 1579
0 0 0
3 0 18805
3 1 9166
0 0 0
3 0 18726
3 1 9131
0 0 0
3 0 18647
3 1 9098
0 0 0
3 0 18568
3 1 9066
0 0 0
3 0 18487
3 1 9035
0 0 0
3 0 18406
3 1 9005
3 24 1583
0 0 0
3 0 18324
3 1 8976
3 24 1587
0 0 0
3 0 18242
3 1 8948
0 0 0
3 0 18160
3 1 8921
0 0 0
3 0 18077
3 1 8895
0 0 0
3 0 17993
3 1 8870
3 24 1591
0 0 0
3 0 17910
3 1 8846
3 24 1599
0 0 0
3 0 17826
3 1 8823
0 0 0
3 0 17741
3 1 8801
0 0 0
3 0 17656
3 1 8780
3 24 1603
0 0 0
3 0 17571
3 1 8760
0 0 0
3 0 17485
3 1 8742
3 24 1599
0 0 0
3 0 17398
3 1 8723
0 0 0
3 0 17311
3 1 8707
0 0 0
3 0 17223
3 1 8691
0 0 0
3 0 17135
3 1 8676
0 0 0
3 0 17046
3 1 8663
0 0 0
3 0 16959
3 1 8651
0 0 0
3 0 16870
3 1 8639
0 0 0
3 0 16782
3 1 8628
3 24 1595
0 0 0
3 0 16694
3 1 8619
3 24 1599
0 0 0
3 0 16605
3 1 8611
0 0 0
3 0 16516
3 1 8605
0 0 0
3 0 16427
3 1 8599
3 24 1595
0 0 0
3 0 16337
3 1 8594
3 24 1599
0 0 0
3 0 16247
3 1 8591
3 24 1595
0 0 0
3 0 16155
3 1 8589
0 0 0
3 0 16065
0 0 0
3 0 15975
3 24 1599
0 0 0
3 0 15885
0 0 0
3 0 15795
3 1 8592
0 0 0
3 0 15705
3 1 8595
3 24 1595
0 0 0
3 0 15615
3 1 8599
3 24 1591
0 0 0
3 0 15525
3 1 8605
0 0 0
3 0 15435
3 1 8611
0 0 0
3 0 15344
3 1 8619
3 24 1595
0 0 0
3 0 15253
3 1 8628
3 24 1599
0 0 0
3 0 15161
3 1 8639
3 24 1603
0 0 0
3 0 15070
3 1 8650
3 24 1611
0 0 0
3 0 14978
3 1 8661
0 0 0
3 0 14887
3 1 8675
3 24 1615
0 0 0
3 0 14797
3 1 8690
3 24 1619
0 0 0
3 0 14707
3 1 8706
3 24 1623
0 0 0
3 0 14617
3 1 8722
3 24 1631
0 0 0
3 0 14527
3 1 8739
3 24 1635
0 0 0
3 0 14438
3 1 8758
3 24 1639
0 0 0
3 0 14348
3 1 8777
0 0 0
3 0 14259
3 1 8799
3 24 1643
0 0 0
3 0 14170
3 1 8820
3 24 1647
0 0 0
3 0 14081
3 1 8843
0 0 0
3 0 13992
3 1 8865
3 24 1651
0 0 0
3 0 13904
3 1 8890
0 0 0
3 0 13816
3 1 8916
0 0 0
3 0 13730
3 1 8942
0 0 0
3 0 13645
3 1 8968
0 0 0
3 0 13560
3 1 8996
0 0 0
3 0 13476
3 1 9024
0 0 0
3 0 13392
3 1 9054
0 0 0
3 0 13309
3 1 9085
0 0 0
3 0 13227
3 1 9116
0 0 0
3 0 13145
3 1 9148
0 0 0
3 0 13063
3 1 9183
0 0 0
3 0 12983
3 1 9217
0 0 0
3 0 12903
3 1 9252
3 24 1655
0 0 0
3 0 12824
3 1 9289
3 24 1659
0 0 0
3 0 12747
3 1 9325
0 0 0
3 0 12670
3 1 9363
3 24 1655
0 0 0
3 0 12593
3 1 9401
0 0 0
3 0 12518
3 1 9441
3 24 1659
0 0 0
3 0 12444
3 1 9481
3 24 1667
0 0 0
3 0 12370
3 1 9522
0 0 0
3 0 12298
3 1 9564
0 0 0
3 0 12227
3 1 9606
0 0 0
3 0 12156
3 1 9649
3 24 1671
0 0 0
3 0 12087
3 1 9693
0 0 0
3 0 12019
3 1 9737
3 24 1675
0 0 0
3 0 11952
3 1 9782
3 24 1679
0 0 0
3 0 11886
3 1 9827
0 0 0
3 0 11822
3 1 9874
0 0 0
3 0 11759
3 1 9921
0 0 0
3 0 11697
3 1 9969
3 24 1683
0 0 0
3 0 11635
3 1 10017
3 24 1687
0 0 0
3 0 11575
3 1 10067
0 0 0
3 0 11516
3 1 10117
0 0 0
3 0 11458
3 1 10168
3 24 1691
0 0 0
3 0 11401
3 1 10220
3 24 1695
0 0 0
3 0 11345
3 1 10272
3 24 1703
0 0 0
3 0 11291
3 1 10325
3 24 1707
0 0 0
3 0 11238
3 1 10379
3 24 1711
0 0 0
3 0 11186
3 1 10432
3 24 1719
0 0 0
3 0 11136
3 1 10487
3 24 1723
0 0 0
3 0 11088
3 1 10541
3 24 1727
0 0 0
3 0 11041
3 1 10596
0 0 0
3 0 10996
3 1 10652
3 24 1731
0 0 0
3 0 10952
3 1 10708
0 0 0
3 0 10910
3 1 10765
0 0 0
3 0 10870
3 1 10822
0 0 0
3 0 10831
3 1 10879
3 24 1735
0 0 0
3 0 10793
3 1 10936
3 24 1739
0 0 0
3 0 10756
3 1 10995
0 0 0
3 0 10721
3 1 11054
0 0 0
3 0 10687
3 1 11114
3 24 1743
0 0 0
3 0 10655
3 1 11173
0 0 0
3 0 10624
3 1 11234
3 24 1747
0 0 0
3 0 10594
3 1 11295
3 24 1751
0 0 0
3 0 10566
3 1 11357
0 0 0
3 0 10540
3 1 11419
0 0 0
3 0 10515
3 1 11482
3 24 1747
0 0 0
3 0 10492
3 1 11543
0 0 0
3 0 10470
3 1 11606
0 0 0
3 0 10450
3 1 11669
0 0 0
3 0 10431
3 1 11732
0 0 0
3 0 10414
3 1 11794
3 24 1751
0 0 0
3 0 10398
3 1 11857
3 24 1755
0 0 0
3 0 10384
3 1 11920
0 0 0
3 0 10372
3 1 11983
0 0 0
3 0 10361
3 1 12048
0 0 0
3 0 10351
3 1 12112
0 0 0
3 0 10343
3 1 12176
0 0 0
3 0 10336
3 1 12240
0 0 0
3 0 10330
3 1 12305
3 24 1759
0 0 0
3 0 10326
3 1 12371
3 24 1755
0 0 0
3 0 10324
3 1 12436
3 24 1759
0 0 0
3 0 10323
3 1 12501
3 24 1755
0 0 0
3 0 10324
3 1 12567
3 24 1751
0 0 0
3 0 10326
3 1 12632
0 0 0
3 0 10329
3 1 12697
3 24 1747
0 0 0
3 0 10335
3 1 12762
3 24 1751
0 0 0
3 0 10342
3 1 12826
0 0 0
3 0 10350
3 1 12891
0 0 0
3 0 10360
3 1 12955
0 0 0
3 0 10371
3 1 13019
0 0 0
3 0 10385
3 1 13082
0 0 0
3 0 10400
3 1 13145
0 0 0
3 0 10417
3 1 13209
0 0 0
3 0 10436
3 1 13272
0 0 0
3 0 10457
3 1 13335
0 0 0
3 0 10479
3 1 13397
0 0 0
3 0 10504
3 1 13459
3 24 1755
0 0 0
3 0 10530
3 1 13520
0 0 0
3 0 10558
3 1 13580
0 0 0
3 0 10588
3 1 13640
3 24 1751
0 0 0
3 0 10619
3 1 13699
3 24 1747
0 0 0
3 0 10653
3 1 13757
0 0 0
3 0 10689
3 1 13814
3 24 1751
0 0 0
3 0 10726
3 1 13869
0 0 0
3 0 10765
3 1 13924
3 24 1755
0 0 0
3 0 10806
3 1 13977
3 24 1759
0 0 0
3 0 10850
3 1 14029
0 0 0
3 0 10894
3 1 14079
0 0 0
3 0 10940
3 1 14128
3 24 1763
0 0 0
3 0 10988
3 1 14176
0 0 0
3 0 11038
3 1 14222
0 0 0
3 0 11090
3 1 14267
0 0 0
3 0 11144
3 1 14310
0 0 0
3 0 11201
3 1 14352
0 0 0
3 0 11259
3 1 14392
0 0 0
3 0 11319
3 1 14431
0 0 0
3 0 11381
3 1 14468
3 24 1767
0 0 0
3 0 11444
3 1 14504
0 0 0
3 0 11509
3 1 14538
0 0 0
3 0 11576
3 1 14569
0 0 0
3 0 11644
3 1 14598
0 0 0
3 0 11714
3 1 14625
0 0 0
3 0 11785
3 1 14650
0 0 0
3 0 11858
3 1 14673
0 0 0
3 0 11933
3 1 14695
0 0 0
3 0 12009
3 1 14714
0 0 0
3 0 12086
3 1 14732
0 0 0
3 0 12164
3 1 14748
0 0 0
3 0 12244
3 1 14761
0 0 0
3 0 12324
3 1 14774
0 0 0
3 0 12406
3 1 14784
0 0 0
3 0 12488
3 1 14792
3 24 1763
0 0 0
3 0 12570
3 1 14800
0 0 0
3 0 12653
3 1 14805
0 0 0
3 0 12737
3 1 14809
0 0 0
3 0 12821
3 1 14811
0 0 0
3 0 12906
0 0 0
3 0 12991
0 0 0
3 0 13075
3 1 14809
0 0 0
3 0 13159
3 1 14806
3 24 1759
0 0 0
3 0 13243
3 1 14801
0 0 0
3 0 13325
3 1 14796
0 0 0
3 0 13407
3 1 14789
0 0 0
3 0 13488
3 1 14781
0 0 0
3 0 13568
3 1 14771
0 0 0
3 0 13647
3 1 14761
0 0 0
3 0 13725
3 1 14750
0 0 0
3 0 13801
3 1 14738
0 0 0
3 0 13876
3 1 14725
0 0 0
3 0 13950
3 1 14712
0 0 0
3 0 14022
3 1 14697
0 0 0
3 0 14091
3 1 14683
0 0 0
3 0 14159
3 1 14667
0 0 0
3 0 14226
3 1 14650
3 24 1763
0 0 0
3 0 14290
3 1 14633
0 0 0
3 0 14353
3 1 14615
0 0 0
3 0 14413
3 1 14595
0 0 0
3 0 14472
3 1 14575
0 0 0
3 0 14529
3 1 14554
3 24 1767
0 0 0
3 0 14584
3 1 14532
3 24 1771
0 0 0
3 0 14638
3 1 14508
0 0 0
3 0 14689
3 1 14484
3 24 1767
0 0 0
3 0 14739
3 1 14458
3 24 1771
0 0 0
3 0 14787
3 1 14432
0 0 0
3 0 14833
3 1 14404
0 0 0
3 0 14877
3 1 14375
0 0 0
3 0 14919
3 1 14344
0 0 0
3 0 14960
3 1 14313
3 24 1775
0 0 0
3 0 14999
3 1 14281
3 24 1779
0 0 0
3 0 15037
3 1 14247
3 24 1783
0 0 0
3 0 15072
3 1 14213
0 0 0
3 0 15105
3 1 14177
0 0 0
3 0 15137
3 1 14142
0 0 0
3 0 15167
3 1 14105
0 0 0
3 0 15195
3 1 14068
3 24 1787
0 0 0
3 0 15221
3 1 14029
3 24 1791
0 0 0
3 0 15245
3 1 13990
3 24 1795
0 0 0
3 0 15268
3 1 13950
3 24 1799
0 0 0
3 0 15289
3 1 13909
3 24 1803
0 0 0
3 0 15308
3 1 13868
3 24 1807
0 0 0
3 0 15326
3 1 13825
3 24 1811
0 0 0
3 0 15341
3 1 13783
3 24 1815
0 0 0
3 0 15354
3 1 13739
3 24 1823
0 0 0
3 0 15365
3 1 13695
3 24 1827
0 0 0
3 0 15374
3 1 13651
3 24 1831
0 0 0
3 0 15381
3 1 13606
3 24 1839
0 0 0
3 0 15387
3 1 13560
3 24 1847
0 0 0
3 0 15389
3 1 13514
3 24 1855
0 0 0
3 0 15390
3 1 13467
3 24 1863
0 0 0
3 0 15389
3 1 13420
3 24 1871
0 0 0
3 0 15385
3 1 13374
3 24 1879
0 0 0
3 0 15379
3 1 13327
3 24 1887
0 0 0
3 0 15371
3 1 13282
3 24 1895
0 0 0
3 0 15361
3 1 13236
3 24 1903
0 0 0
3 0 15348
3 1 13190
3 24 1911
0 0 0
3 0 15333
3 1 13145
3 24 1915
0 0 0
3 0 15316
3 1 13100
3 24 1923
0 0 0
3 0 15298
3 1 13056
3 24 1931
0 0 0
3 0 15277
3 1 13012
3 24 1939
0 0 0
3 0 15255
3 1 12969
3 24 1947
0 0 0
3 0 15231
3 1 12926
3 24 1955
0 0 0
3 0 15205
3 1 12884
3 24 1963
0 0 0
3 0 15177
3 1 12843
3 24 1971
0 0 0
3 0 15148
3 1 12802
3 24 1979
0 0 0
3 0 15117
3 1 12762
3 24 1987
0 0 0
3 0 15084
3 1 12724
3 24 1991
0 0 0
3 0 15050
3 1 12686
3 24 1995
0 0 0
3 0 15014
3 1 12649
3 24 1999
0 0 0
3 0 14977
3 1 12614
3 24 2007
0 0 0
3 0 14938
3 1 12579
3 24 2011
0 0 0
3 0 14898
3 1 12547
0 0 0
3 0 14856
3 1 12515
0 0 0
3 0 14813
3 1 12486
0 0 0
3 0 14768
3 1 12458
0 0 0
3 0 14721
3 1 12432
0 0 0
3 0 14673
3 1 12408
3 24 2007
0 0 0
3 0 14623
3 1 12386
3 24 1999
0 0 0
3 0 14571
3 1 12367
3 24 1983
0 0 0
3 0 14519
3 1 12348
3 24 1963
0 0 0
3 0 14465
3 1 12333
3 24 1935
0 0 0
3 0 14409
3 1 12318
3 24 1899
0 0 0
3 0 14352
3 1 12306
3 24 1847
0 0 0
3 0 14293
3 1 12296
3 24 1783
0 0 0
3 0 14233
3 1 12287
3 24 1699
0 0 0
3 0 14170
3 1 12280
3 24 1591
0 0 0
3 0 14106
3 1 12275
3 24 1459
0 0 0
3 0 14040
3 1 12272
3 24 1291
0 0 0
3 0 13971
3 1 12270
3 24 1095
0 0 0
3 0 13900
3 1 12269
3 24 923
0 0 0
3 0 13828
3 24 767
0 0 0
3 0 13753
3 24 627
0 0 0
3 0 13678
3 1 12270
3 24 503
0 0 0
3 0 13601
3 24 395
0 0 0
3 0 13524
3 24 295
0 0 0
3 0 13447
3 24 207
0 0 0
3 0 13369
3 1 12269
3 24 131
0 0 0
3 0 13292
3 1 12266
3 24 63
0 0 0
4 4 852034
1 330 0
3 0 13214
3 1 12259
3 24 0
0 0 0
3 0 13137
3 1 12252
0 0 0
3 0 13059
3 1 12240
0 0 0
3 0 12982
3 1 12224
0 0 0
