1,330,1
3,0,31482
3,1,5414
3,24,15
0,0,0
3,0,31484
3,1,5406
3,24,51
0,0,0
3,0,31486
3,1,5399
3,24,115
0,0,0
3,0,31488
3,1,5392
3,24,183
0,0,0
3,0,31490
3,1,5385
3,24,247
0,0,0
3,0,31493
3,1,5379
3,24,299
0,0,0
3,0,31496
3,1,5373
3,24,355
0,0,0
3,0,31498
3,1,5367
3,24,403
0,0,0
3,0,31501
3,1,5361
3,24,455
0,0,0
3,0,31503
3,1,5356
3,24,491
0,0,0
3,0,31505
3,1,5351
3,24,527
0,0,0
3,0,31508
3,1,5346
3,24,563
0,0,0
3,0,31510
3,1,5342
3,24,599
0,0,0
3,0,31513
3,1,5338
3,24,627
0,0,0
3,0,31515
3,1,5334
3,24,655
0,0,0
3,0,31516
3,1,5331
3,24,679
0,0,0
3,0,31518
3,1,5329
3,24,703
0,0,0
3,0,31519
3,1,5326
3,24,731
0,0,0
3,1,5324
3,24,751
0,0,0
3,0,31520
3,1,5323
3,24,771
0,0,0
3,1,5321
3,24,791
0,0,0
3,1,5320
3,24,807
0,0,0
3,24,819
0,0,0
3,1,5319
3,24,835
0,0,0
3,1,5318
3,24,843
0,0,0
3,24,851
0,0,0
3,0,31519
3,24,859
0,0,0
3,1,5317
3,24,863
0,0,0
3,24,871
0,0,0
3,0,31518
3,24,879
0,0,0
3,24,883
0,0,0
3,24,887
0,0,0
3,0,31517
3,24,891
0,0,0
3,24,895
0,0,0
3,24,899
0,0,0
3,24,903
0,0,0
3,0,31516
0,0,0
3,24,907
0,0,0
3,24,903
0,0,0
3,24,907
0,0,0
3,24,911
0,0,0
3,0,31517
3,1,5318
3,24,907
0,0,0
3,1,5317
0,0,0
3,24,911
0,0,0
3,24,907
0,0,0
3,24,911
0,0,0
3,0,31516
3,24,915
0,0,0
3,0,31515
0,0,0
3,0,31514
0,0,0
3,0,31513
0,0,0
3,24,919
0,0,0
3,0,31512
0,0,0
3,24,915
0,0,0
3,24,919
0,0,0
3,24,923
0,0,0
3,1,5318
0,0,0
3,0,31511
3,24,919
0,0,0
3,0,31510
3,1,5319
0,0,0
3,1,5320
3,24,911
0,0,0
3,0,31509
3,1,5322
0,0,0
3,1,5323
3,24,915
0,0,0
3,1,5324
3,24,919
0,0,0
3,0,31508
3,1,5326
0,0,0
3,1,5328
3,24,915
0,0,0
3,1,5330
0,0,0
3,0,31507
3,1,5333
0,0,0
3,0,31506
3,1,5335
0,0,0
3,0,31505
3,1,5338
0,0,0
3,1,5341
0,0,0
3,1,5344
3,24,919
0,0,0
3,1,5349
3,24,923
0,0,0
3,0,31504
3,1,5353
3,24,919
0,0,0
3,0,31503
3,1,5357
0,0,0
3,1,5362
3,24,915
0,0,0
3,1,5368
0,0,0
3,1,5375
3,24,919
0,0,0
3,0,31502
3,1,5383
3,24,915
0,0,0
3,1,5390
0,0,0
3,1,5399
3,24,911
0,0,0
3,0,31501
3,1,5409
3,24,903
0,0,0
3,1,5419
3,24,899
0,0,0
3,1,5429
0,0,0
3,0,31500
3,1,5439
0,0,0
3,1,5451
0,0,0
3,0,31499
3,1,5464
0,0,0
3,1,5476
0,0,0
3,1,5489
0,0,0
3,1,5502
3,24,895
0,0,0
3,0,31498
3,1,5516
3,24,899
0,0,0
3,1,5531
3,24,891
0,0,0
3,1,5546
3,24,887
0,0,0
3,1,5561
3,24,895
0,0,0
3,0,31497
3,1,5578
3,24,899
0,0,0
3,1,5594
3,24,895
0,0,0
3,1,5612
0,0,0
3,0,31496
3,1,5630
3,24,891
0,0,0
3,0,31495
3,1,5647
0,0,0
3,0,31494
3,1,5665
3,24,899
0,0,0
3,1,5683
3,24,903
0,0,0
3,0,31493
3,1,5701
3,24,899
0,0,0
3,0,31492
3,1,5720
0,0,0
3,0,31491
3,1,5739
0,0,0
3,0,31490
3,1,5757
3,24,891
0,0,0
3,0,31489
3,1,5776
0,0,0
3,0,31488
3,1,5793
0,0,0
3,0,31487
3,1,5812
3,24,879
0,0,0
3,0,31486
3,1,5829
3,24,887
0,0,0
3,0,31485
3,1,5847
3,24,891
0,0,0
3,0,31484
3,1,5864
0,0,0
3,0,31482
3,1,5882
0,0,0
3,0,31481
3,1,5899
0,0,0
3,0,31480
3,1,5916
3,24,887
0,0,0
3,0,31478
3,1,5932
3,24,891
0,0,0
3,0,31477
3,1,5949
0,0,0
3,0,31475
3,1,5965
0,0,0
3,0,31473
3,1,5982
3,24,887
0,0,0
3,0,31472
3,1,5998
0,0,0
3,0,31470
3,1,6014
0,0,0
3,0,31469
3,1,6029
0,0,0
3,0,31467
3,1,6044
0,0,0
3,0,31466
3,1,6058
0,0,0
3,0,31465
3,1,6072
0,0,0
3,0,31463
3,1,6087
0,0,0
3,0,31462
3,1,6101
3,24,891
0,0,0
3,0,31461
3,1,6115
0,0,0
3,0,31460
3,1,6129
0,0,0
3,0,31458
3,1,6142
0,0,0
3,0,31457
3,1,6156
3,24,887
0,0,0
3,0,31456
3,1,6169
0,0,0
3,0,31455
3,1,6182
0,0,0
3,0,31454
3,1,6196
0,0,0
3,0,31453
3,1,6209
0,0,0
3,0,31452
3,1,6222
0,0,0
3,0,31450
3,1,6235
0,0,0
3,0,31449
3,1,6248
3,24,891
0,0,0
3,0,31448
3,1,6261
0,0,0
3,0,31447
3,1,6275
3,24,895
0,0,0
3,0,31445
3,1,6288
3,24,899
0,0,0
3,0,31444
3,1,6302
3,24,895
0,0,0
3,0,31442
3,1,6317
0,0,0
3,0,31441
3,1,6333
0,0,0
3,0,31440
3,1,6350
3,24,891
0,0,0
3,0,31439
3,1,6368
0,0,0
3,0,31437
3,1,6387
3,24,895
0,0,0
3,0,31436
3,1,6407
3,24,891
0,0,0
3,0,31434
3,1,6428
3,24,895
0,0,0
3,0,31433
3,1,6450
3,24,899
0,0,0
3,0,31432
3,1,6474
3,24,891
0,0,0
3,0,31430
3,1,6498
0,0,0
3,0,31428
3,1,6523
0,0,0
3,0,31427
3,1,6549
0,0,0
3,0,31425
3,1,6576
0,0,0
3,0,31424
3,1,6603
0,0,0
3,0,31422
3,1,6630
0,0,0
3,0,31420
3,1,6659
3,24,887
0,0,0
3,0,31419
3,1,6688
0,0,0
3,0,31418
3,1,6717
0,0,0
3,0,31416
3,1,6748
0,0,0
3,0,31415
3,1,6778
3,24,891
0,0,0
3,0,31413
3,1,6809
3,24,887
0,0,0
3,0,31412
3,1,6840
0,0,0
3,0,31411
3,1,6871
0,0,0
3,1,6903
0,0,0
3,0,31410
3,1,6934
0,0,0
3,0,31409
3,1,6965
0,0,0
3,1,6997
0,0,0
3,0,31410
3,1,7028
0,0,0
3,1,7058
0,0,0
3,0,31411
3,1,7087
0,0,0
3,0,31412
3,1,7115
3,24,879
0,0,0
3,0,31413
3,1,7143
3,24,883
0,0,0
3,0,31414
3,1,7169
0,0,0
3,0,31416
3,1,7194
3,24,879
0,0,0
3,0,31418
3,1,7219
0,0,0
3,0,31420
3,1,7242
3,24,887
0,0,0
3,0,31422
3,1,7265
0,0,0
3,0,31424
3,1,7287
0,0,0
3,0,31427
3,1,7308
3,24,883
0,0,0
3,0,31429
3,1,7330
3,24,891
0,0,0
3,0,31432
3,1,7352
3,24,899
0,0,0
3,0,31435
3,1,7375
0,0,0
3,0,31437
3,1,7398
0,0,0
3,0,31440
3,1,7422
0,0,0
3,0,31443
3,1,7447
3,24,907
0,0,0
3,0,31445
3,1,7473
3,24,903
0,0,0
3,0,31447
3,1,7500
3,24,899
0,0,0
3,0,31449
3,1,7528
3,24,891
0,0,0
3,0,31452
3,1,7556
0,0,0
3,0,31453
3,1,7585
3,24,887
0,0,0
3,0,31455
3,1,7616
3,24,891
0,0,0
3,0,31456
3,1,7646
0,0,0
3,0,31458
3,1,7678
3,24,887
0,0,0
3,0,31459
3,1,7710
0,0,0
3,0,31460
3,1,7742
0,0,0
3,0,31461
3,1,7775
0,0,0
3,0,31462
3,1,7809
0,0,0
3,1,7842
3,24,895
0,0,0
3,1,7876
0,0,0
3,1,7911
0,0,0
3,1,7945
3,24,903
0,0,0
3,0,31461
3,1,7980
0,0,0
3,0,31460
3,1,8015
3,24,907
0,0,0
3,0,31459
3,1,8050
0,0,0
3,0,31458
3,1,8085
0,0,0
3,0,31457
3,1,8120
0,0,0
3,0,31455
3,1,8154
0,0,0
3,0,31453
3,1,8189
0,0,0
3,0,31452
3,1,8222
3,24,911
0,0,0
3,0,31450
3,1,8254
3,24,907
0,0,0
3,0,31448
3,1,8285
0,0,0
3,0,31445
3,1,8315
3,24,911
0,0,0
3,0,31443
3,1,8344
0,0,0
3,0,31441
3,1,8374
3,24,907
0,0,0
3,0,31439
3,1,8403
3,24,903
0,0,0
3,0,31437
3,1,8433
0,0,0
3,0,31434
3,1,8463
0,0,0
3,0,31432
3,1,8494
3,24,899
0,0,0
3,0,31430
3,1,8525
0,0,0
3,0,31428
3,1,8556
0,0,0
3,0,31425
3,1,8588
3,24,895
0,0,0
3,0,31422
3,1,8621
3,24,899
0,0,0
3,0,31420
3,1,8654
3,24,903
0,0,0
3,0,31416
3,1,8688
3,24,899
0,0,0
3,0,31413
3,1,8722
0,0,0
3,0,31410
3,1,8757
3,24,895
0,0,0
3,0,31407
3,1,8792
3,24,891
0,0,0
3,0,31403
3,1,8827
0,0,0
3,0,31399
3,1,8863
3,24,899
0,0,0
3,0,31396
3,1,8899
3,24,895
0,0,0
3,0,31393
3,1,8935
3,24,903
0,0,0
3,0,31389
3,1,8972
3,24,911
0,0,0
3,0,31385
3,1,9008
0,0,0
3,0,31382
3,1,9045
0,0,0
3,0,31378
3,1,9082
0,0,0
3,0,31374
3,1,9119
3,24,907
0,0,0
3,0,31370
3,1,9156
3,24,911
0,0,0
3,0,31367
3,1,9193
3,24,907
0,0,0
3,0,31363
3,1,9230
3,24,911
0,0,0
3,0,31359
3,1,9267
0,0,0
3,0,31355
3,1,9304
0,0,0
3,0,31351
3,1,9340
3,24,919
0,0,0
3,0,31348
3,1,9376
3,24,923
0,0,0
3,0,31344
3,1,9412
0,0,0
3,0,31340
3,1,9448
3,24,931
0,0,0
3,0,31336
3,1,9484
3,24,927
0,0,0
3,0,31332
3,1,9521
3,24,931
0,0,0
3,0,31328
3,1,9558
0,0,0
3,0,31324
3,1,9596
3,24,923
0,0,0
3,0,31321
3,1,9634
3,24,915
0,0,0
3,0,31317
3,1,9672
3,24,911
0,0,0
3,0,31314
3,1,9710
3,24,915
0,0,0
3,0,31310
3,1,9748
3,24,911
0,0,0
3,0,31306
3,1,9787
0,0,0
3,0,31303
3,1,9826
0,0,0
3,0,31300
3,1,9865
0,0,0
3,0,31297
3,1,9905
3,24,915
0,0,0
3,0,31293
3,1,9944
0,0,0
3,0,31289
3,1,9984
3,24,919
0,0,0
3,0,31286
3,1,10024
0,0,0
3,0,31282
3,1,10063
0,0,0
3,0,31278
3,1,10103
0,0,0
3,0,31274
3,1,10143
0,0,0
3,0,31270
3,1,10183
3,24,927
0,0,0
3,0,31265
3,1,10224
3,24,923
0,0,0
3,0,31261
3,1,10265
0,0,0
3,0,31256
3,1,10306
0,0,0
3,0,31251
3,1,10347
3,24,919
0,0,0
3,0,31246
3,1,10391
3,24,911
0,0,0
3,0,31240
3,1,10436
0,0,0
3,0,31234
3,1,10483
3,24,919
0,0,0
3,0,31228
3,1,10530
3,24,923
0,0,0
3,0,31222
3,1,10577
3,24,927
0,0,0
3,0,31215
3,1,10624
3,24,923
0,0,0
3,0,31207
3,1,10671
3,24,927
0,0,0
3,0,31199
3,1,10718
3,24,923
0,0,0
3,0,31191
3,1,10765
3,24,915
0,0,0
3,0,31182
3,1,10811
0,0,0
3,0,31173
3,1,10857
0,0,0
3,0,31163
3,1,10903
0,0,0
3,0,31153
3,1,10948
0,0,0
3,0,31142
3,1,10992
3,24,919
0,0,0
3,0,31130
3,1,11037
3,24,915
0,0,0
3,0,31118
3,1,11080
3,24,919
0,0,0
3,0,31105
3,1,11124
3,24,915
0,0,0
3,0,31092
3,1,11167
0,0,0
3,0,31078
3,1,11211
0,0,0
3,0,31063
3,1,11254
0,0,0
3,0,31048
3,1,11297
3,24,911
0,0,0
3,0,31032
3,1,11340
0,0,0
3,0,31015
3,1,11384
0,0,0
3,0,30998
3,1,11430
0,0,0
3,0,30981
3,1,11478
0,0,0
3,0,30963
3,1,11528
0,0,0
3,0,30945
3,1,11579
0,0,0
3,0,30926
3,1,11632
3,24,915
0,0,0
3,0,30906
3,1,11684
0,0,0
3,0,30887
3,1,11736
3,24,911
0,0,0
3,0,30866
3,1,11787
0,0,0
3,0,30846
3,1,11837
3,24,915
0,0,0
3,0,30826
3,1,11887
0,0,0
3,0,30805
3,1,11935
3,24,911
0,0,0
3,0,30785
3,1,11983
0,0,0
3,0,30764
3,1,12029
3,24,915
0,0,0
3,0,30743
3,1,12075
0,0,0
3,0,30722
3,1,12121
3,24,919
0,0,0
3,0,30702
3,1,12166
0,0,0
3,0,30681
3,1,12210
0,0,0
3,0,30661
3,1,12255
3,24,915
0,0,0
3,0,30641
3,1,12299
0,0,0
3,0,30621
3,1,12343
3,24,919
0,0,0
3,0,30601
3,1,12388
0,0,0
3,0,30582
3,1,12432
3,24,915
0,0,0
3,0,30564
3,1,12479
0,0,0
3,0,30546
3,1,12527
3,24,911
0,0,0
3,0,30529
3,1,12577
0,0,0
3,0,30513
3,1,12630
3,24,915
0,0,0
3,0,30497
3,1,12683
0,0,0
3,0,30481
3,1,12738
0,0,0
3,0,30467
3,1,12792
3,24,919
0,0,0
3,0,30452
3,1,12846
0,0,0
3,0,30438
3,1,12899
3,24,915
0,0,0
3,0,30425
3,1,12951
0,0,0
3,0,30413
3,1,13001
3,24,911
0,0,0
3,0,30401
3,1,13050
3,24,915
0,0,0
3,0,30390
3,1,13099
3,24,911
0,0,0
3,0,30379
3,1,13147
0,0,0
3,0,30369
3,1,13193
3,24,907
0,0,0
3,0,30359
3,1,13239
3,24,911
0,0,0
3,0,30350
3,1,13285
3,24,919
0,0,0
3,0,30342
3,1,13330
3,24,927
0,0,0
3,0,30334
3,1,13375
3,24,931
0,0,0
3,0,30326
3,1,13420
3,24,923
0,0,0
3,0,30320
3,1,13465
3,24,915
0,0,0
3,0,30313
3,1,13510
3,24,911
0,0,0
3,0,30308
3,1,13557
0,0,0
3,0,30302
3,1,13607
3,24,915
0,0,0
3,0,30297
3,1,13658
3,24,919
0,0,0
3,0,30292
3,1,13710
3,24,911
0,0,0
3,0,30288
3,1,13765
3,24,915
0,0,0
3,0,30283
3,1,13821
3,24,919
0,0,0
3,0,30279
3,1,13876
3,24,911
0,0,0
3,0,30275
3,1,13930
3,24,907
0,0,0
3,0,30272
3,1,13984
3,24,903
0,0,0
3,0,30268
3,1,14037
0,0,0
3,0,30265
3,1,14088
3,24,907
0,0,0
3,0,30261
3,1,14138
0,0,0
3,0,30258
3,1,14187
3,24,911
0,0,0
3,0,30255
3,1,14235
3,24,907
0,0,0
3,0,30252
3,1,14283
3,24,903
0,0,0
3,0,30249
3,1,14329
0,0,0
3,0,30246
3,1,14375
3,24,911
0,0,0
3,0,30243
3,1,14421
3,24,919
0,0,0
3,0,30241
3,1,14466
0,0,0
3,0,30238
3,1,14512
0,0,0
3,0,30236
3,1,14557
3,24,923
0,0,0
3,0,30233
3,1,14604
3,24,919
0,0,0
3,0,30230
3,1,14653
0,0,0
3,0,30228
3,1,14704
3,24,927
0,0,0
3,0,30225
3,1,14757
0,0,0
3,0,30222
3,1,14812
3,24,931
0,0,0
3,0,30219
3,1,14868
3,24,935
0,0,0
3,0,30217
3,1,14925
3,24,939
0,0,0
3,0,30214
3,1,14981
3,24,935
0,0,0
3,0,30211
3,1,15036
0,0,0
3,0,30208
3,1,15090
0,0,0
3,0,30205
3,1,15144
3,24,939
0,0,0
3,0,30203
3,1,15195
0,0,0
3,0,30200
3,1,15246
0,0,0
3,0,30197
3,1,15295
3,24,935
0,0,0
3,0,30195
3,1,15344
3,24,939
0,0,0
3,0,30192
3,1,15391
3,24,943
0,0,0
3,0,30189
3,1,15438
3,24,947
0,0,0
3,0,30186
3,1,15484
3,24,955
0,0,0
3,0,30183
3,1,15530
0,0,0
3,0,30180
3,1,15575
0,0,0
3,0,30177
3,1,15621
0,0,0
3,0,30175
3,1,15667
0,0,0
3,0,30172
3,1,15715
3,24,951
0,0,0
3,0,30169
3,1,15765
3,24,947
0,0,0
3,0,30167
3,1,15817
0,0,0
3,0,30164
3,1,15871
0,0,0
3,0,30161
3,1,15927
3,24,951
0,0,0
3,0,30158
3,1,15984
3,24,955
0,0,0
3,0,30156
3,1,16040
3,24,959
0,0,0
3,0,30153
3,1,16096
0,0,0
3,0,30150
3,1,16151
3,24,963
0,0,0
3,0,30147
3,1,16205
3,24,967
0,0,0
3,0,30145
3,1,16257
3,24,975
0,0,0
3,0,30142
3,1,16308
3,24,979
0,0,0
3,0,30140
3,1,16359
3,24,983
0,0,0
3,0,30137
3,1,16408
0,0,0
3,0,30134
3,1,16456
3,24,987
0,0,0
3,0,30132
3,1,16503
3,24,991
0,0,0
3,0,30129
3,1,16549
0,0,0
3,0,30127
3,1,16596
0,0,0
3,0,30125
3,1,16642
3,24,987
0,0,0
3,0,30123
3,1,16688
0,0,0
3,0,30121
3,1,16734
3,24,983
0,0,0
3,0,30119
3,1,16783
0,0,0
3,0,30117
3,1,16833
3,24,987
0,0,0
3,0,30116
3,1,16886
0,0,0
3,0,30115
3,1,16940
0,0,0
3,0,30114
3,1,16996
0,0,0
3,0,30113
3,1,17054
0,0,0
3,0,30112
3,1,17112
0,0,0
3,0,30111
3,1,17169
3,24,991
0,0,0
3,0,30110
3,1,17225
0,0,0
3,0,30109
3,1,17280
3,24,987
0,0,0
3,0,30108
3,1,17333
3,24,991
0,0,0
3,1,17384
0,0,0
3,1,17435
0,0,0
3,1,17484
0,0,0
3,1,17531
0,0,0
3,0,30109
3,1,17579
0,0,0
3,1,17625
0,0,0
3,1,17670
0,0,0
3,0,30110
3,1,17715
0,0,0
3,1,17759
0,0,0
3,0,30111
3,1,17804
0,0,0
3,0,30112
3,1,17848
0,0,0
3,1,17894
0,0,0
3,0,30113
3,1,17941
0,0,0
3,0,30114
3,1,17989
3,24,995
0,0,0
3,1,18039
0,0,0
3,0,30115
3,1,18090
0,0,0
3,0,30116
3,1,18142
0,0,0
3,1,18192
3,24,999
0,0,0
3,0,30117
3,1,18242
0,0,0
3,1,18290
0,0,0
3,0,30118
3,1,18337
0,0,0
3,1,18383
3,24,1003
0,0,0
3,0,30119
3,1,18427
3,24,1007
0,0,0
3,0,30120
3,1,18471
3,24,1003
0,0,0
3,1,18513
0,0,0
3,0,30121
3,1,18555
3,24,999
0,0,0
3,0,30122
3,1,18596
0,0,0
3,0,30124
3,1,18636
3,24,1003
0,0,0
3,0,30125
3,1,18676
3,24,1007
0,0,0
3,0,30126
3,1,18715
0,0,0
3,0,30127
3,1,18754
3,24,1003
0,0,0
3,0,30128
3,1,18792
3,24,999
0,0,0
3,0,30129
3,1,18830
0,0,0
3,0,30130
3,1,18867
0,0,0
3,0,30132
3,1,18904
0,0,0
3,0,30133
3,1,18941
0,0,0
3,0,30134
3,1,18977
0,0,0
3,0,30136
3,1,19013
3,24,1003
0,0,0
3,0,30137
3,1,19047
3,24,999
0,0,0
3,0,30138
3,1,19081
3,24,995
0,0,0
3,0,30139
3,1,19112
0,0,0
3,0,30141
3,1,19141
3,24,991
0,0,0
3,0,30142
3,1,19168
3,24,995
0,0,0
3,0,30144
3,1,19193
0,0,0
3,0,30146
3,1,19216
3,24,991
0,0,0
3,0,30147
3,1,19237
0,0,0
3,0,30149
3,1,19256
0,0,0
3,0,30150
3,1,19274
0,0,0
3,0,30152
3,1,19291
0,0,0
3,0,30153
3,1,19307
0,0,0
3,0,30154
3,1,19322
3,24,987
0,0,0
3,0,30155
3,1,19336
3,24,991
0,0,0
3,0,30156
3,1,19349
0,0,0
3,0,30157
3,1,19361
0,0,0
3,1,19374
0,0,0
3,0,30158
3,1,19385
0,0,0
3,0,30159
3,1,19397
0,0,0
3,1,19408
0,0,0
3,1,19420
0,0,0
3,0,30160
3,1,19430
0,0,0
3,0,30159
3,1,19441
0,0,0
3,0,30160
3,1,19450
3,24,995
0,0,0
3,1,19460
3,24,991
0,0,0
3,0,30159
3,1,19470
0,0,0
3,1,19479
0,0,0
3,1,19488
0,0,0
3,0,30158
3,1,19496
3,24,987
0,0,0
3,1,19504
0,0,0
3,0,30157
3,1,19512
3,24,991
0,0,0
3,1,19519
0,0,0
3,0,30156
3,1,19526
3,24,995
0,0,0
3,0,30155
3,1,19532
3,24,999
0,0,0
3,0,30153
3,1,19538
3,24,991
0,0,0
3,0,30152
3,1,19544
0,0,0
3,0,30150
3,1,19549
3,24,995
0,0,0
3,0,30149
3,1,19553
3,24,999
0,0,0
3,0,30147
3,1,19557
0,0,0
3,0,30145
3,1,19560
3,24,1003
0,0,0
3,0,30143
3,1,19563
3,24,1007
0,0,0
3,0,30140
3,1,19564
3,24,1015
0,0,0
3,0,30137
3,1,19565
3,24,1019
0,0,0
3,0,30134
0,0,0
3,0,30130
3,1,19563
3,24,1023
0,0,0
3,0,30126
3,1,19561
0,0,0
3,0,30122
3,1,19557
3,24,1027
0,0,0
3,0,30117
3,1,19553
0,0,0
3,0,30111
3,1,19549
0,0,0
3,0,30105
3,1,19543
0,0,0
3,0,30099
3,1,19537
0,0,0
3,0,30091
3,1,19532
3,24,1023
0,0,0
3,0,30083
3,1,19525
0,0,0
3,0,30075
3,1,19518
0,0,0
3,0,30066
3,1,19510
0,0,0
3,0,30056
3,1,19503
3,24,1019
0,0,0
3,0,30046
3,1,19494
0,0,0
3,0,30035
3,1,19485
0,0,0
3,0,30023
3,1,19476
0,0,0
3,0,30011
3,1,19467
0,0,0
3,0,29997
3,1,19458
3,24,1023
0,0,0
3,0,29983
3,1,19448
0,0,0
3,0,29968
3,1,19438
0,0,0
3,0,29952
3,1,19428
0,0,0
3,0,29935
3,1,19418
0,0,0
3,0,29918
3,1,19408
3,24,1027
0,0,0
3,0,29899
3,1,19397
3,24,1031
0,0,0
3,0,29880
3,1,19386
3,24,1035
0,0,0
3,0,29860
3,1,19376
3,24,1043
0,0,0
3,0,29839
3,1,19365
0,0,0
3,0,29817
3,1,19355
3,24,1047
0,0,0
3,0,29795
3,1,19344
3,24,1051
0,0,0
3,0,29772
3,1,19334
3,24,1055
0,0,0
3,0,29748
3,1,19323
0,0,0
3,0,29724
3,1,19313
3,24,1059
0,0,0
3,0,29699
3,1,19302
3,24,1067
0,0,0
3,0,29674
3,1,19291
0,0,0
3,0,29649
3,1,19279
3,24,1071
0,0,0
3,0,29624
3,1,19267
3,24,1083
0,0,0
3,0,29599
3,1,19255
3,24,1091
0,0,0
3,0,29573
3,1,19241
0,0,0
3,0,29547
3,1,19227
3,24,1099
0,0,0
3,0,29521
3,1,19213
3,24,1103
0,0,0
3,0,29496
3,1,19197
0,0,0
3,0,29471
3,1,19181
0,0,0
3,0,29447
3,1,19164
3,24,1099
0,0,0
3,0,29423
3,1,19145
0,0,0
3,0,29400
3,1,19126
0,0,0
3,0,29377
3,1,19106
0,0,0
3,0,29355
3,1,19085
3,24,1095
0,0,0
3,0,29333
3,1,19062
3,24,1091
0,0,0
3,0,29312
3,1,19038
3,24,1087
0,0,0
3,0,29291
3,1,19013
3,24,1083
0,0,0
3,0,29271
3,1,18988
3,24,1079
0,0,0
3,0,29251
3,1,18961
0,0,0
3,0,29231
3,1,18933
0,0,0
3,0,29212
3,1,18903
0,0,0
3,0,29193
3,1,18873
0,0,0
3,0,29174
3,1,18843
0,0,0
3,0,29156
3,1,18813
0,0,0
3,0,29136
3,1,18782
0,0,0
3,0,29117
3,1,18752
0,0,0
3,0,29097
3,1,18721
3,24,1083
0,0,0
3,0,29076
3,1,18691
0,0,0
3,0,29053
3,1,18661
0,0,0
3,0,29030
3,1,18631
0,0,0
3,0,29005
3,1,18601
3,24,1087
0,0,0
3,0,28979
3,1,18572
0,0,0
3,0,28952
3,1,18542
3,24,1083
0,0,0
3,0,28923
3,1,18514
3,24,1087
0,0,0
3,0,28893
3,1,18486
0,0,0
3,0,28861
3,1,18458
0,0,0
3,0,28828
3,1,18431
0,0,0
3,0,28795
3,1,18405
3,24,1099
0,0,0
3,0,28761
3,1,18380
3,24,1107
0,0,0
3,0,28726
3,1,18354
3,24,1111
0,0,0
3,0,28689
3,1,18330
0,0,0
3,0,28652
3,1,18306
3,24,1107
0,0,0
3,0,28616
3,1,18282
3,24,1103
0,0,0
3,0,28579
3,1,18259
0,0,0
3,0,28542
3,1,18236
0,0,0
3,0,28506
3,1,18213
0,0,0
3,0,28469
3,1,18191
0,0,0
3,0,28432
3,1,18168
3,24,1099
0,0,0
3,0,28395
3,1,18145
0,0,0
3,0,28358
3,1,18123
3,24,1095
0,0,0
3,0,28321
3,1,18099
3,24,1091
0,0,0
3,0,28284
3,1,18075
0,0,0
3,0,28247
3,1,18049
0,0,0
3,0,28210
3,1,18023
3,24,1087
0,0,0
3,0,28172
3,1,17995
0,0,0
3,0,28135
3,1,17965
0,0,0
3,0,28097
3,1,17935
3,24,1091
0,0,0
3,0,28059
3,1,17904
0,0,0
3,0,28021
3,1,17871
0,0,0
3,0,27983
3,1,17837
3,24,1095
0,0,0
3,0,27944
3,1,17804
0,0,0
3,0,27905
3,1,17770
3,24,1099
0,0,0
3,0,27866
3,1,17736
3,24,1103
0,0,0
3,0,27827
3,1,17702
3,24,1111
0,0,0
3,0,27788
3,1,17668
3,24,1115
0,0,0
3,0,27748
3,1,17634
3,24,1127
0,0,0
3,0,27707
3,1,17600
3,24,1139
0,0,0
3,0,27667
3,1,17566
3,24,1143
0,0,0
3,0,27628
3,1,17532
0,0,0
3,0,27589
3,1,17498
3,24,1147
0,0,0
3,0,27550
3,1,17465
3,24,1155
0,0,0
3,0,27511
3,1,17432
3,24,1163
0,0,0
3,0,27472
3,1,17399
3,24,1171
0,0,0
3,0,27433
3,1,17366
3,24,1175
0,0,0
3,0,27394
3,1,17334
3,24,1179
0,0,0
3,0,27355
3,1,17302
0,0,0
3,0,27315
3,1,17270
3,24,1183
0,0,0
3,0,27276
3,1,17238
3,24,1187
0,0,0
3,0,27237
3,1,17206
3,24,1191
0,0,0
3,0,27198
3,1,17175
0,0,0
3,0,27159
3,1,17143
0,0,0
3,0,27121
3,1,17111
0,0,0
3,0,27082
3,1,17079
3,24,1195
0,0,0
3,0,27044
3,1,17046
3,24,1199
0,0,0
3,0,27006
3,1,17014
3,24,1203
0,0,0
3,0,26968
3,1,16980
0,0,0
3,0,26931
3,1,16947
3,24,1207
0,0,0
3,0,26893
3,1,16913
3,24,1203
0,0,0
3,0,26856
3,1,16877
0,0,0
3,0,26819
3,1,16841
3,24,1207
0,0,0
3,0,26783
3,1,16803
3,24,1211
0,0,0
3,0,26746
3,1,16766
0,0,0
3,0,26709
3,1,16729
3,24,1215
0,0,0
3,0,26672
3,1,16691
3,24,1219
0,0,0
3,0,26635
3,1,16653
0,0,0
3,0,26598
3,1,16616
0,0,0
3,0,26561
3,1,16578
3,24,1223
0,0,0
3,0,26524
3,1,16540
3,24,1227
0,0,0
3,0,26486
3,1,16502
0,0,0
3,0,26448
3,1,16465
0,0,0
3,0,26410
3,1,16427
0,0,0
3,0,26373
3,1,16389
0,0,0
3,0,26335
3,1,16351
0,0,0
3,0,26298
3,1,16313
3,24,1223
0,0,0
3,0,26261
3,1,16275
0,0,0
3,0,26224
3,1,16237
0,0,0
3,0,26188
3,1,16199
3,24,1219
0,0,0
3,0,26151
3,1,16160
0,0,0
3,0,26115
3,1,16122
3,24,1215
0,0,0
3,0,26080
3,1,16084
3,24,1211
0,0,0
3,0,26044
3,1,16046
3,24,1207
0,0,0
3,0,26009
3,1,16008
0,0,0
3,0,25974
3,1,15970
0,0,0
3,0,25939
3,1,15933
3,24,1203
0,0,0
3,0,25905
3,1,15895
0,0,0
3,0,25870
3,1,15857
3,24,1199
0,0,0
3,0,25836
3,1,15820
0,0,0
3,0,25801
3,1,15782
0,0,0
3,0,25766
3,1,15744
0,0,0
3,0,25731
3,1,15705
0,0,0
3,0,25695
3,1,15667
0,0,0
3,0,25658
3,1,15629
3,24,1195
0,0,0
3,0,25621
3,1,15591
3,24,1199
0,0,0
3,0,25584
3,1,15553
0,0,0
3,0,25546
3,1,15515
3,24,1203
0,0,0
3,0,25508
3,1,15477
0,0,0
3,0,25469
3,1,15440
3,24,1199
0,0,0
3,0,25431
3,1,15402
3,24,1195
0,0,0
3,0,25392
3,1,15365
3,24,1191
0,0,0
3,0,25353
3,1,15327
0,0,0
3,0,25314
3,1,15290
3,24,1187
0,0,0
3,0,25275
3,1,15253
3,24,1191
0,0,0
3,0,25236
3,1,15217
0,0,0
3,0,25197
3,1,15181
0,0,0
3,0,25157
3,1,15145
3,24,1187
0,0,0
3,0,25117
3,1,15109
0,0,0
3,0,25077
3,1,15074
3,24,1183
0,0,0
3,0,25036
3,1,15039
3,24,1179
0,0,0
3,0,24994
3,1,15004
3,24,1175
0,0,0
3,0,24952
3,1,14970
0,0,0
3,0,24910
3,1,14936
3,24,1179
0,0,0
3,0,24866
3,1,14902
3,24,1183
0,0,0
3,0,24822
3,1,14869
0,0,0
3,0,24778
3,1,14835
0,0,0
3,0,24733
3,1,14802
0,0,0
3,0,24688
3,1,14769
0,0,0
3,0,24643
3,1,14735
3,24,1179
0,0,0
3,0,24598
3,1,14700
0,0,0
3,0,24554
3,1,14664
3,24,1175
0,0,0
3,0,24510
3,1,14628
3,24,1179
0,0,0
3,0,24467
3,1,14591
3,24,1183
0,0,0
3,0,24424
3,1,14554
0,0,0
3,0,24383
3,1,14518
0,0,0
3,0,24342
3,1,14481
0,0,0
3,0,24302
3,1,14444
3,24,1187
0,0,0
3,0,24261
3,1,14408
0,0,0
3,0,24221
3,1,14371
3,24,1191
0,0,0
3,0,24180
3,1,14335
0,0,0
3,0,24139
3,1,14299
0,0,0
3,0,24097
3,1,14263
0,0,0
3,0,24055
3,1,14227
0,0,0
3,0,24013
3,1,14191
0,0,0
3,0,23971
3,1,14155
3,24,1195
0,0,0
3,0,23928
3,1,14120
0,0,0
3,0,23885
3,1,14085
0,0,0
3,0,23841
3,1,14050
0,0,0
3,0,23797
3,1,14015
0,0,0
3,0,23753
3,1,13980
3,24,1191
0,0,0
3,0,23708
3,1,13945
3,24,1187
0,0,0
3,0,23663
3,1,13911
0,0,0
3,0,23619
3,1,13876
0,0,0
3,0,23575
3,1,13842
3,24,1183
0,0,0
3,0,23531
3,1,13807
0,0,0
3,0,23488
3,1,13773
0,0,0
3,0,23446
3,1,13738
0,0,0
3,0,23404
3,1,13703
3,24,1187
0,0,0
3,0,23362
3,1,13668
3,24,1191
0,0,0
3,0,23321
3,1,13632
0,0,0
3,0,23281
3,1,13595
0,0,0
3,0,23241
3,1,13558
3,24,1187
0,0,0
3,0,23201
3,1,13520
0,0,0
3,0,23162
3,1,13483
0,0,0
3,0,23122
3,1,13446
0,0,0
3,0,23082
3,1,13409
3,24,1183
0,0,0
3,0,23042
3,1,13371
0,0,0
3,0,23002
3,1,13334
0,0,0
3,0,22962
3,1,13297
0,0,0
3,0,22922
3,1,13260
3,24,1179
0,0,0
3,0,22882
3,1,13223
0,0,0
3,0,22841
3,1,13186
3,24,1183
0,0,0
3,0,22801
3,1,13150
0,0,0
3,0,22760
3,1,13113
0,0,0
3,0,22719
3,1,13077
3,24,1187
0,0,0
3,0,22677
3,1,13041
0,0,0
3,0,22636
3,1,13004
0,0,0
3,0,22594
3,1,12968
3,24,1191
0,0,0
3,0,22553
3,1,12933
0,0,0
3,0,22512
3,1,12897
0,0,0
3,0,22471
3,1,12861
0,0,0
3,0,22430
3,1,12826
0,0,0
3,0,22389
3,1,12791
3,24,1195
0,0,0
3,0,22349
3,1,12756
3,24,1199
0,0,0
3,0,22308
3,1,12721
3,24,1203
0,0,0
3,0,22268
3,1,12686
3,24,1207
0,0,0
3,0,22229
3,1,12651
0,0,0
3,0,22190
3,1,12616
0,0,0
3,0,22151
3,1,12580
0,0,0
3,0,22112
3,1,12545
0,0,0
3,0,22073
3,1,12508
0,0,0
3,0,22033
3,1,12470
3,24,1203
0,0,0
3,0,21994
3,1,12433
0,0,0
3,0,21955
3,1,12396
3,24,1199
0,0,0
3,0,21915
3,1,12359
0,0,0
3,0,21875
3,1,12322
0,0,0
3,0,21836
3,1,12284
0,0,0
3,0,21796
3,1,12248
0,0,0
3,0,21755
3,1,12211
0,0,0
3,0,21715
3,1,12174
3,24,1195
0,0,0
3,0,21674
3,1,12138
0,0,0
3,0,21633
3,1,12102
3,24,1187
0,0,0
3,0,21591
3,1,12065
0,0,0
3,0,21549
3,1,12030
0,0,0
3,0,21507
3,1,11994
3,24,1191
0,0,0
3,0,21465
3,1,11959
3,24,1187
0,0,0
3,0,21422
3,1,11925
3,24,1183
0,0,0
3,0,21380
3,1,11891
3,24,1187
0,0,0
3,0,21337
3,1,11858
3,24,1191
0,0,0
3,0,21295
3,1,11825
3,24,1195
0,0,0
3,0,21253
3,1,11792
0,0,0
3,0,21211
3,1,11760
3,24,1207
0,0,0
3,0,21170
3,1,11729
3,24,1211
0,0,0
3,0,21130
3,1,11698
3,24,1219
0,0,0
3,0,21090
3,1,11667
0,0,0
3,0,21050
3,1,11637
3,24,1227
0,0,0
3,0,21009
3,1,11607
3,24,1231
0,0,0
3,0,20969
3,1,11577
0,0,0
3,0,20928
3,1,11546
0,0,0
3,0,20887
3,1,11516
0,0,0
3,0,20846
3,1,11483
0,0,0
3,0,20804
3,1,11450
3,24,1235
0,0,0
3,0,20762
3,1,11416
3,24,1243
0,0,0
3,0,20720
3,1,11380
3,24,1247
0,0,0
3,0,20677
3,1,11345
3,24,1259
0,0,0
3,0,20633
3,1,11310
3,24,1263
0,0,0
3,0,20589
3,1,11274
3,24,1271
0,0,0
3,0,20545
3,1,11239
3,24,1279
0,0,0
3,0,20500
3,1,11204
3,24,1283
0,0,0
3,0,20455
3,1,11169
3,24,1291
0,0,0
3,0,20409
3,1,11134
3,24,1295
0,0,0
3,0,20364
3,1,11099
0,0,0
3,0,20319
3,1,11065
0,0,0
3,0,20275
3,1,11031
3,24,1299
0,0,0
3,0,20231
3,1,10997
3,24,1303
0,0,0
3,0,20188
3,1,10964
0,0,0
3,0,20146
3,1,10931
3,24,1311
0,0,0
3,0,20104
3,1,10899
3,24,1319
0,0,0
3,0,20063
3,1,10867
0,0,0
3,0,20024
3,1,10835
3,24,1323
0,0,0
3,0,19985
3,1,10805
0,0,0
3,0,19945
3,1,10775
3,24,1327
0,0,0
3,0,19906
3,1,10745
3,24,1331
0,0,0
3,0,19866
3,1,10716
3,24,1327
0,0,0
3,0,19827
3,1,10687
3,24,1323
0,0,0
3,0,19787
3,1,10659
3,24,1319
0,0,0
3,0,19748
3,1,10632
3,24,1315
0,0,0
3,0,19709
3,1,10605
3,24,1311
0,0,0
3,0,19669
3,1,10579
3,24,1303
0,0,0
3,0,19630
3,1,10552
0,0,0
3,0,19591
3,1,10526
0,0,0
3,0,19552
3,1,10500
0,0,0
3,0,19513
3,1,10473
0,0,0
3,0,19474
3,1,10445
0,0,0
3,0,19435
3,1,10417
3,24,1299
0,0,0
3,0,19396
3,1,10387
3,24,1295
0,0,0
3,0,19357
3,1,10356
0,0,0
3,0,19319
3,1,10324
0,0,0
3,0,19280
3,1,10291
0,0,0
3,0,19242
3,1,10257
0,0,0
3,0,19203
3,1,10223
0,0,0
3,0,19165
3,1,10190
3,24,1291
0,0,0
3,0,19127
3,1,10156
0,0,0
3,0,19088
3,1,10123
0,0,0
3,0,19049
3,1,10090
3,24,1299
0,0,0
3,0,19010
3,1,10057
3,24,1303
0,0,0
3,0,18972
3,1,10024
0,0,0
3,0,18933
3,1,9992
3,24,1299
0,0,0
3,0,18895
3,1,9961
0,0,0
3,0,18856
3,1,9929
0,0,0
3,0,18817
3,1,9899
3,24,1295
0,0,0
3,0,18779
3,1,9869
3,24,1299
0,0,0
3,0,18740
3,1,9840
0,0,0
3,0,18702
3,1,9811
3,24,1291
0,0,0
3,0,18663
3,1,9783
3,24,1287
0,0,0
3,0,18625
3,1,9756
3,24,1283
0,0,0
3,0,18586
3,1,9730
3,24,1279
0,0,0
3,0,18547
3,1,9705
3,24,1275
0,0,0
3,0,18509
3,1,9680
3,24,1271
0,0,0
3,0,18470
3,1,9656
0,0,0
3,0,18431
3,1,9633
0,0,0
3,0,18392
3,1,9611
0,0,0
3,0,18353
3,1,9590
3,24,1275
0,0,0
3,0,18313
3,1,9569
3,24,1279
0,0,0
3,0,18273
3,1,9549
3,24,1275
0,0,0
3,0,18233
3,1,9529
3,24,1279
0,0,0
3,0,18192
3,1,9510
0,0,0
3,0,18152
3,1,9491
0,0,0
3,0,18111
3,1,9472
3,24,1283
0,0,0
3,0,18070
3,1,9452
0,0,0
3,0,18029
3,1,9432
3,24,1291
0,0,0
3,0,17988
3,1,9410
0,0,0
3,0,17948
3,1,9388
3,24,1295
0,0,0
3,0,17908
3,1,9365
0,0,0
3,0,17868
3,1,9341
3,24,1283
0,0,0
3,0,17828
3,1,9316
3,24,1279
0,0,0
3,0,17789
3,1,9291
3,24,1283
0,0,0
3,0,17749
3,1,9264
3,24,1287
0,0,0
3,0,17708
3,1,9236
3,24,1283
0,0,0
3,0,17668
3,1,9208
0,0,0
3,0,17627
3,1,9179
0,0,0
3,0,17586
3,1,9150
0,0,0
3,0,17544
3,1,9120
0,0,0
3,0,17502
3,1,9089
0,0,0
3,0,17459
3,1,9059
3,24,1287
0,0,0
3,0,17416
3,1,9029
3,24,1291
0,0,0
3,0,17372
3,1,9000
3,24,1287
0,0,0
3,0,17326
3,1,8970
0,0,0
3,0,17280
3,1,8942
0,0,0
3,0,17234
3,1,8913
0,0,0
3,0,17186
3,1,8885
3,24,1291
0,0,0
3,0,17138
3,1,8858
0,0,0
3,0,17090
3,1,8831
0,0,0
3,0,17043
3,1,8805
3,24,1295
0,0,0
3,0,16995
3,1,8780
0,0,0
3,0,16949
3,1,8756
3,24,1299
0,0,0
3,0,16903
3,1,8732
0,0,0
3,0,16860
3,1,8710
0,0,0
3,0,16817
3,1,8688
0,0,0
3,0,16776
3,1,8667
3,24,1303
0,0,0
3,0,16735
3,1,8647
3,24,1311
0,0,0
3,0,16695
3,1,8629
3,24,1319
0,0,0
3,0,16654
3,1,8611
3,24,1323
0,0,0
3,0,16612
3,1,8595
3,24,1319
0,0,0
3,0,16571
3,1,8579
0,0,0
3,0,16529
3,1,8565
3,24,1323
0,0,0
3,0,16487
3,1,8552
0,0,0
3,0,16445
3,1,8540
3,24,1327
0,0,0
3,0,16402
3,1,8528
3,24,1323
0,0,0
3,0,16358
3,1,8518
3,24,1327
0,0,0
3,0,16314
3,1,8509
3,24,1335
0,0,0
3,0,16270
3,1,8500
3,24,1343
0,0,0
3,0,16225
3,1,8491
3,24,1347
0,0,0
3,0,16179
3,1,8482
0,0,0
3,0,16133
3,1,8473
3,24,1351
0,0,0
3,0,16087
3,1,8464
3,24,1355
0,0,0
3,0,16041
3,1,8455
3,24,1351
0,0,0
3,0,15995
3,1,8446
3,24,1355
0,0,0
3,0,15949
3,1,8438
3,24,1359
0,0,0
3,0,15903
3,1,8429
0,0,0
3,0,15859
3,1,8420
3,24,1363
0,0,0
3,0,15816
3,1,8410
3,24,1359
0,0,0
3,0,15774
3,1,8401
3,24,1363
0,0,0
3,0,15733
3,1,8392
0,0,0
3,0,15693
3,1,8382
3,24,1355
0,0,0
3,0,15654
3,1,8373
3,24,1359
0,0,0
3,0,15614
3,1,8364
3,24,1363
0,0,0
3,0,15575
3,1,8354
3,24,1359
0,0,0
3,0,15535
3,1,8344
3,24,1363
0,0,0
3,0,15495
3,1,8334
3,24,1359
0,0,0
3,0,15456
3,1,8323
3,24,1355
0,0,0
3,0,15416
3,1,8313
3,24,1351
0,0,0
3,0,15376
3,1,8302
3,24,1347
0,0,0
3,0,15337
3,1,8292
0,0,0
3,0,15298
3,1,8280
3,24,1343
0,0,0
3,0,15258
3,1,8269
3,24,1339
0,0,0
3,0,15220
3,1,8257
0,0,0
3,0,15181
3,1,8245
3,24,1335
0,0,0
3,0,15142
3,1,8233
0,0,0
3,0,15104
3,1,8220
3,24,1331
0,0,0
3,0,15067
3,1,8207
0,0,0
3,0,15030
3,1,8194
3,24,1327
0,0,0
3,0,14994
3,1,8180
0,0,0
3,0,14958
3,1,8166
3,24,1331
0,0,0
3,0,14922
3,1,8151
3,24,1339
0,0,0
3,0,14887
3,1,8137
0,0,0
3,0,14853
3,1,8122
0,0,0
3,0,14819
3,1,8106
3,24,1347
0,0,0
3,0,14785
3,1,8091
3,24,1343
0,0,0
3,0,14750
3,1,8075
3,24,1351
0,0,0
3,0,14715
3,1,8059
3,24,1355
0,0,0
3,0,14679
3,1,8043
3,24,1363
0,0,0
3,0,14642
3,1,8026
0,0,0
3,0,14605
3,1,8009
0,0,0
3,0,14568
3,1,7992
3,24,1367
0,0,0
3,0,14531
3,1,7975
3,24,1359
0,0,0
3,0,14495
3,1,7957
3,24,1367
0,0,0
3,0,14458
3,1,7939
0,0,0
3,0,14422
3,1,7921
3,24,1371
0,0,0
3,0,14387
3,1,7904
3,24,1379
0,0,0
3,0,14352
3,1,7886
3,24,1387
0,0,0
3,0,14317
3,1,7868
3,24,1395
0,0,0
3,0,14282
3,1,7850
3,24,1391
0,0,0
3,0,14249
3,1,7832
3,24,1387
0,0,0
3,0,14215
3,1,7814
0,0,0
3,0,14183
3,1,7797
3,24,1383
0,0,0
3,0,14151
3,1,7780
3,24,1379
0,0,0
3,0,14121
3,1,7763
3,24,1371
0,0,0
3,0,14091
3,1,7747
0,0,0
3,0,14062
3,1,7731
3,24,1367
0,0,0
3,0,14034
3,1,7716
3,24,1371
0,0,0
3,0,14008
3,1,7702
0,0,0
3,0,13982
3,1,7688
0,0,0
3,0,13958
3,1,7674
3,24,1375
0,0,0
3,0,13935
3,1,7661
0,0,0
3,0,13912
3,1,7649
3,24,1379
0,0,0
3,0,13890
3,1,7637
0,0,0
3,0,13868
3,1,7626
0,0,0
3,0,13847
3,1,7616
0,0,0
3,0,13826
3,1,7605
3,24,1371
0,0,0
3,0,13804
3,1,7596
0,0,0
3,0,13782
3,1,7587
0,0,0
3,0,13758
3,1,7579
3,24,1363
0,0,0
3,0,13734
3,1,7571
0,0,0
3,0,13708
3,1,7563
0,0,0
3,0,13682
3,1,7557
3,24,1355
0,0,0
3,0,13655
3,1,7551
3,24,1351
0,0,0
3,0,13626
3,1,7545
0,0,0
3,0,13597
3,1,7539
0,0,0
3,0,13568
3,1,7534
0,0,0
3,0,13537
3,1,7529
0,0,0
3,0,13507
3,1,7525
0,0,0
3,0,13476
3,1,7521
0,0,0
3,0,13445
3,1,7517
0,0,0
3,0,13414
3,1,7514
0,0,0
3,0,13383
3,1,7511
0,0,0
3,0,13352
3,1,7508
3,24,1347
0,0,0
3,0,13321
3,1,7505
0,0,0
3,0,13292
3,1,7502
3,24,1339
0,0,0
3,0,13262
3,1,7499
3,24,1331
0,0,0
3,0,13234
3,1,7496
3,24,1323
0,0,0
3,0,13206
3,1,7493
3,24,1315
0,0,0
3,0,13180
3,1,7491
3,24,1307
0,0,0
3,0,13154
3,1,7488
3,24,1299
0,0,0
3,0,13129
3,1,7485
3,24,1291
0,0,0
3,0,13105
3,1,7483
3,24,1287
0,0,0
3,0,13082
3,1,7480
3,24,1279
0,0,0
3,0,13061
3,1,7478
3,24,1275
0,0,0
3,0,13040
3,1,7475
3,24,1267
0,0,0
3,0,13020
3,1,7473
3,24,1263
0,0,0
3,0,13002
3,1,7471
3,24,1255
0,0,0
3,0,12984
3,1,7469
3,24,1247
0,0,0
3,0,12968
3,1,7467
3,24,1235
0,0,0
3,0,12952
3,1,7465
3,24,1223
0,0,0
3,0,12937
3,1,7463
3,24,1211
0,0,0
3,0,12923
3,1,7462
3,24,1203
0,0,0
3,0,12910
3,1,7460
3,24,1191
0,0,0
3,0,12897
3,1,7459
3,24,1183
0,0,0
3,0,12885
3,1,7457
3,24,1167
0,0,0
3,0,12873
3,1,7456
3,24,1155
0,0,0
3,0,12861
3,1,7455
3,24,1135
0,0,0
3,0,12849
3,1,7453
3,24,1115
0,0,0
3,0,12837
3,1,7452
3,24,1083
0,0,0
3,0,12825
3,1,7451
3,24,1047
0,0,0
3,0,12812
3,1,7449
3,24,1003
0,0,0
3,0,12798
3,1,7448
3,24,947
0,0,0
3,0,12784
3,1,7447
3,24,855
0,0,0
3,0,12769
3,1,7445
3,24,763
0,0,0
3,0,12753
3,1,7444
3,24,679
0,0,0
3,0,12737
3,1,7442
3,24,599
0,0,0
3,0,12721
3,1,7440
3,24,527
0,0,0
3,0,12704
3,1,7438
3,24,471
0,0,0
3,0,12687
3,1,7436
3,24,411
0,0,0
3,0,12669
3,1,7433
3,24,355
0,0,0
3,0,12651
3,1,7429
3,24,303
0,0,0
3,0,12633
3,1,7425
3,24,263
0,0,0
3,0,12616
3,1,7420
3,24,223
0,0,0
3,0,12598
3,1,7414
3,24,187
0,0,0
3,0,12581
3,1,7408
3,24,151
0,0,0
3,0,12564
3,1,7400
3,24,115
0,0,0
3,0,12548
3,1,7391
3,24,83
0,0,0
3,0,12532
3,1,7382
3,24,51
0,0,0
3,0,12517
3,1,7371
3,24,19
0,0,0
4,4,852034
